1 860 124 661 739 645 396 830 194 565 665 301 2 512 659 662 527 740 71 113 176 157 860
2 860 532 121 473 72 112 387 253 765 445 738 5 225 203 392 251 24 804 391 167 115 394 860
3 860 218 736 328 465 794 240 462 634 169 750 55 476 703 467 424 271 280 139 584 206 70 860
4 860 701 493 460 184 510 808 671 304 408 54 152 817 774 97 325 16 581 340 854 860
5 860 744 587 84 616 471 228 647 691 745 682 439 550 154 223 503 237 526 232 860
6 860 594 789 518 433 741 427 27 40 415 306 829 501 48 183 317 411 838 90 511 482 860
7 860 165 36 602 755 814 166 277 469 590 314 836 190 557 761 284 841 140 386 151 242 860
8 860 506 775 858 103 707 839 615 219 470 735 209 710 845 208 255 182 860
9 859 613 443 592 825 561 818 831 652 716 110 128 14 17 609 181 582 799 694 295 593 722 248 196 417 837 859
10 859 596 843 324 120 421 359 559 528 504 672 514 451 649 461 318 160 517 234 572 341 486 859
11 859 732 89 356 805 516 479 521 297 669 499 633 677 370 437 101 78 698 574 453 289 252 637 771 700 696 777 859
12 859 832 375 13 651 689 658 809 227 334 346 178 531 670 492 98 351 390 86 786 138 355 636 498 748 395 859
13 859 729 311 323 643 81 835 803 446 513 481 434 457 43 254 308 58 630 646 170 737 690 859
14 861 143 172 272 220 612 158 570 1 4 663 6 523 458 239 141 520 82 861
15 861 796 631 444 310 800 249 338 192 315 641 294 425 624 601 77 117 861
16 859 302 840 68 783 63 797 76 281 477 718 464 214 224 95 393 261 416 380 383 756 260 859
17 861 236 268 472 655 382 257 753 685 568 262 632 145 573 853 720 211 428 116 155 250 861
18 861 764 610 73 360 199 235 319 146 187 788 496 321 352 305 785 92 94 365 589 586 861
19 859 400 793 544 695 534 714 42 483 507 676 93 353 371 354 422 827 668 438 562 730 859
20 859 142 608 509 812 705 575 653 436 717 80 577 133 490 727 811 23 45 9 660 475 537 810 859
21 859 551 599 378 195 171 623 618 597 683 420 231 556 629 554 38 241 524 288 150 456 686 197 350 770 859
22 860 790 191 598 567 34 585 576 654 834 74 857 426 642 243 123 107 173 226 515 860
23 860 282 743 802 782 580 505 757 719 485 358 32 326 384 369 213 364 500 591 758 860
24 860 309 33 822 687 263 11 246 419 202 734 667 119 530 333 448 8 816 414 860
25 860 440 245 91 362 28 363 708 134 704 83 447 247 497 552 161 860
26 861 766 26 215 49 779 278 177 815 276 129 405 57 723 819 762 749 100 726 861
27 859 488 403 846 296 628 603 307 10 313 193 721 397 238 546 806 851 442 725 625 859
28 859 553 349 374 547 136 122 781 650 494 699 824 179 541 270 264 606 859
29 859 31 752 345 607 640 600 188 186 244 217 67 230 666 298 555 283 657 859
30 859 588 329 275 344 418 200 50 549 454 320 373 664 731 847 267 468 303 59 849 859
31 859 37 487 347 52 728 545 125 767 366 221 759 626 674 3 144 137 147 859
32 859 180 174 540 484 620 784 410 792 12 201 212 342 258 780 357 828 742 795 855 207 175 859
33 859 132 372 681 15 385 617 153 605 229 88 96 558 680 407 697 859
34 859 109 571 578 274 564 401 452 222 291 20 316 312 398 332 164 64 233 205 273 130 859
35 860 18 299 406 87 533 159 702 189 204 56 293 339 712 210 614 754 435 331 860
36 861 791 579 441 429 163 60 377 539 688 62 412 673 474 583 861
37 861 330 105 335 348 538 773 368 216 778 844 381 656 39 823 807 548 861
38 861 724 66 627 46 102 148 850 266 336 287 747 768 343 760 85 706 861
39 861 508 265 127 399 114 25 563 709 856 842 35 379 327 459 861
40 859 131 733 135 833 772 108 713 286 65 569 463 388 149 279 859
41 859 478 430 198 489 639 79 763 300 185 376 292 859
42 861 409 432 852 693 449 466 621 611 813 861
43 859 692 389 820 525 413 751 367 168 431 19 859
44 861 769 675 798 502 622 480 861
45 861 337 111 29 21 536 529 285 715 543 861
46 861 404 269 259 678 566 801 861
47 859 47 826 402 746 455 22 560 859
48 859 30 711 595 648 53 491 859
49 859 51 156 162 41 7 75 684 821 859
50 859 848 118 423 535 859
51 861 322 104 619 126 61 861
52 859 644 450 604 776 859
53 859 522 495 106 679 859
54 859 542 787 638 635 859
55 859 69 290 361 859
56 859 519 99 44 859
57 859 256 859
