1 6 29 798 825 15.025999999999998
2 13 20 738 765 12.401
3 23 1 969 990 9.052000000000001
4 29 15 825 855 15.543000000000003
5 22 15 735 748 9.548999999999998
6 13 15 918 960 15.537
7 12 28 1068 1098 12.364
8 11 15 1008 1062 20.205
9 9 25 1038 1052 6.686999999999999
10 7 16 768 787 9.107
11 7 16 663 682 7.592999999999999
12 13 15 708 750 15.537
13 13 15 558 600 15.537
14 28 1 798 825 9.688000000000002
15 2 15 633 660 10.23
16 29 15 1065 1095 15.543000000000003
17 12 28 828 858 12.364
18 27 1 543 585 15.699
19 10 14 1128 1153 9.732999999999999
20 7 16 783 802 7.592999999999999
21 17 15 923 945 9.804999999999998
22 10 14 1068 1093 9.732999999999999
23 5 1 933 975 17.266000000000002
24 22 15 915 928 9.548999999999998
25 9 1 738 765 10.838000000000003
26 3 15 558 600 20.916000000000007
27 12 26 648 662 4.6450000000000005
28 6 29 738 765 15.025999999999998
29 6 17 903 923 10.104
30 9 25 858 872 6.686999999999999
31 11 23 528 549 11.212000000000002
32 26 1 782 795 6.474
33 27 1 543 585 15.699
34 18 1 705 735 12.548000000000002
35 5 1 948 1003 20.256
36 8 21 528 551 10.428
37 7 16 528 547 9.107
38 23 1 849 870 9.052000000000001
39 17 15 923 945 9.804999999999998
40 26 1 662 675 6.474
41 10 14 1008 1033 9.732999999999999
42 27 1 663 705 15.699
43 16 1 907 930 14.136999999999997
44 13 18 1098 1125 13.54
45 12 1 993 1020 11.549000000000001
46 9 25 678 692 6.686999999999999
47 13 18 858 885 13.54
48 22 15 855 868 9.548999999999998
49 17 15 623 645 9.804999999999998
50 10 1 693 705 3.506
51 18 1 885 915 12.548000000000002
52 8 15 588 630 17.326999999999995
53 13 18 1038 1065 13.54
54 18 1 765 795 12.548000000000002
55 8 15 768 810 17.326999999999995
56 7 16 843 862 7.592999999999999
57 4 24 903 915 10.362
58 18 1 1005 1035 12.548000000000002
59 27 1 1083 1125 15.699
60 3 15 768 795 12.399999999999997
61 13 18 1098 1125 13.54
62 29 15 945 975 15.543000000000003
63 14 1 613 645 13.687999999999999
64 12 28 948 978 12.364
65 4 1 918 975 33.936
66 29 15 585 615 15.543000000000003
67 13 18 858 885 13.54
68 28 1 558 585 9.688000000000002
69 13 15 948 990 15.537
70 3 15 1128 1155 12.399999999999997
71 13 15 978 1020 15.537
72 8 15 528 570 17.326999999999995
73 25 1 572 585 4.788999999999999
74 10 1 813 825 3.506
75 28 1 1098 1125 9.688000000000002
76 2 15 693 720 10.23
77 27 1 1053 1095 15.699
78 28 1 858 885 9.688000000000002
79 23 1 909 930 9.052000000000001
80 26 1 722 735 6.474
81 6 29 618 645 15.025999999999998
82 5 1 1128 1183 20.256
83 13 15 888 930 15.537
84 3 15 528 555 12.399999999999997
85 3 15 1068 1095 12.399999999999997
86 7 16 948 967 9.107
87 22 15 675 688 9.548999999999998
88 9 15 798 855 23.674000000000003
89 18 1 525 555 12.548000000000002
90 3 15 1038 1080 20.916000000000007
91 5 1 633 675 17.266000000000002
92 9 1 978 1005 10.838000000000003
93 27 1 813 855 15.699
94 8 21 1008 1031 10.428
95 7 16 963 982 7.592999999999999
96 4 1 858 915 33.936
97 3 15 978 1020 20.916000000000007
98 10 1 873 885 3.506
99 4 1 1038 1095 33.936
100 20 1 1065 1095 12.742999999999999
101 12 28 828 858 12.364
102 25 1 692 705 4.788999999999999
103 13 15 618 660 15.537
104 13 20 978 1005 12.401
105 4 24 603 615 10.362
106 13 15 1008 1050 15.537
107 5 1 1008 1063 20.256
108 3 15 768 795 12.399999999999997
109 7 16 543 562 7.592999999999999
110 9 1 738 765 10.838000000000003
111 17 15 863 885 9.804999999999998
112 2 15 573 600 10.23
113 3 15 1038 1080 20.916000000000007
114 12 1 693 720 11.549000000000001
115 29 15 1065 1095 15.543000000000003
116 9 25 1038 1052 6.686999999999999
117 13 15 1098 1140 15.537
118 13 15 948 990 15.537
119 9 1 858 885 10.838000000000003
120 9 15 618 675 23.674000000000003
121 13 15 438 480 15.537
122 29 15 705 735 15.543000000000003
123 17 15 983 1005 9.804999999999998
124 27 1 368 405 15.699
125 20 1 705 735 12.742999999999999
126 7 16 1068 1087 9.107
127 7 16 648 667 9.107
128 12 28 768 798 12.364
129 6 17 843 863 10.104
130 8 15 1128 1170 17.326999999999995
131 13 15 558 600 15.537
132 7 16 543 562 7.592999999999999
133 27 1 783 825 15.699
134 9 25 858 872 6.686999999999999
135 13 15 678 720 15.537
136 6 29 678 705 15.025999999999998
137 5 1 1068 1123 20.256
138 10 1 993 1005 3.506
139 17 15 1043 1065 9.804999999999998
140 13 15 978 1020 15.537
141 4 24 1083 1095 10.362
142 25 1 512 525 4.788999999999999
143 4 1 498 555 33.936
144 13 15 1008 1050 15.537
145 8 21 768 791 10.428
146 23 1 669 690 9.052000000000001
147 10 14 1128 1153 9.732999999999999
148 7 16 723 742 7.592999999999999
149 13 20 1098 1125 12.401
150 28 1 978 1005 9.688000000000002
151 13 15 1098 1140 15.537
152 9 15 798 855 23.674000000000003
153 5 1 708 763 20.256
154 3 15 948 975 12.399999999999997
155 8 15 1068 1110 17.326999999999995
156 13 18 918 945 13.54
157 2 15 1113 1140 10.23
158 27 1 693 735 15.699
159 27 1 723 765 15.699
160 25 1 992 1005 4.788999999999999
161 4 24 1143 1155 10.362
162 23 1 969 990 9.052000000000001
163 11 15 708 762 20.205
164 27 1 903 945 15.699
165 5 1 468 523 20.256
166 9 1 618 645 10.838000000000003
167 6 29 1038 1065 15.025999999999998
168 28 1 1038 1065 9.688000000000002
169 9 25 738 752 6.686999999999999
170 16 1 1102 1125 8.253
171 7 16 603 622 7.592999999999999
172 9 15 558 615 23.674000000000003
173 13 15 1068 1110 15.537
174 26 1 542 555 6.474
175 23 1 1149 1170 9.052000000000001
176 22 15 1095 1108 9.548999999999998
177 13 20 738 765 12.401
178 9 25 798 812 6.686999999999999
179 16 1 922 945 8.253
180 12 26 528 542 4.6450000000000005
181 12 26 888 902 4.6450000000000005
182 13 15 1128 1170 15.537
183 2 15 873 900 10.23
184 6 17 543 563 10.104
185 11 23 1008 1029 11.212000000000002
186 6 29 738 765 15.025999999999998
187 12 1 693 720 11.549000000000001
188 3 15 708 735 12.399999999999997
189 16 1 787 810 14.136999999999997
190 12 28 768 798 12.364
191 9 15 558 615 23.674000000000003
192 4 1 738 795 33.936
193 12 1 813 840 11.549000000000001
194 12 28 588 618 12.364
195 12 1 573 600 11.549000000000001
196 28 1 1098 1125 9.688000000000002
197 7 16 1083 1102 7.592999999999999
198 13 18 798 825 13.54
199 23 1 609 630 9.052000000000001
200 23 1 669 690 9.052000000000001
201 27 1 753 795 15.699
202 27 1 753 795 15.699
203 22 15 795 808 9.548999999999998
204 12 1 813 840 11.549000000000001
205 28 1 1038 1065 9.688000000000002
206 17 15 1103 1125 9.804999999999998
207 11 23 1128 1149 11.212000000000002
208 13 20 1038 1065 12.401
209 11 15 888 942 20.205
210 13 18 978 1005 13.54
211 3 15 918 960 20.916000000000007
212 9 1 798 825 10.838000000000003
213 22 15 915 928 9.548999999999998
214 27 1 873 915 15.699
215 6 17 603 623 10.104
216 12 1 753 780 11.549000000000001
217 4 1 798 855 33.936
218 5 1 393 435 17.266000000000002
219 4 1 738 795 33.936
220 4 24 663 675 10.362
221 17 15 803 825 9.804999999999998
222 23 1 729 750 9.052000000000001
223 2 15 993 1020 10.23
224 9 1 918 945 10.838000000000003
225 2 15 753 780 10.23
226 6 17 1143 1163 10.104
227 4 24 723 735 10.362
228 18 1 645 675 12.548000000000002
229 26 1 782 795 6.474
230 14 1 913 945 13.687999999999999
231 8 15 708 750 17.326999999999995
232 22 15 1155 1168 9.548999999999998
233 12 1 993 1020 11.549000000000001
234 25 1 1052 1065 4.788999999999999
235 10 1 633 645 3.506
236 3 15 498 540 20.916000000000007
237 2 15 1053 1080 10.23
238 11 23 888 909 11.212000000000002
239 2 15 1053 1080 10.23
240 18 1 585 615 12.548000000000002
241 12 1 873 900 11.549000000000001
242 4 24 1143 1155 10.362
243 6 17 963 983 10.104
244 29 15 765 795 15.543000000000003
245 13 15 588 630 15.537
246 16 1 682 705 8.253
247 17 15 983 1005 9.804999999999998
248 12 26 1068 1082 4.6450000000000005
249 18 1 645 675 12.548000000000002
250 3 15 1128 1155 12.399999999999997
251 3 15 858 900 20.916000000000007
252 12 26 1008 1022 4.6450000000000005
253 22 15 615 628 9.548999999999998
254 12 1 933 960 11.549000000000001
255 21 1 1091 1125 13.447000000000003
256 9 25 978 992 6.686999999999999
257 7 16 648 667 9.107
258 16 1 847 870 14.136999999999997
259 4 1 978 1035 33.936
260 16 1 1147 1170 14.136999999999997
261 12 28 1008 1038 12.364
262 16 1 727 750 14.136999999999997
263 12 1 633 660 11.549000000000001
264 16 1 1087 1110 14.136999999999997
265 29 15 585 615 15.543000000000003
266 10 14 768 793 9.732999999999999
267 20 1 945 975 12.742999999999999
268 4 24 543 555 10.362
269 9 15 918 975 23.674000000000003
270 14 1 1033 1065 13.687999999999999
271 2 15 993 1020 10.23
272 3 15 618 660 20.916000000000007
273 23 1 1089 1110 9.052000000000001
274 28 1 618 645 9.688000000000002
275 8 21 588 611 10.428
276 13 15 798 840 15.537
277 10 14 648 673 9.732999999999999
278 4 1 678 735 33.936
279 20 1 1125 1155 12.742999999999999
280 6 17 1023 1043 10.104
281 6 17 723 743 10.104
282 27 1 513 555 15.699
283 16 1 1087 1110 14.136999999999997
284 5 1 888 943 20.256
285 17 15 1043 1065 9.804999999999998
286 9 15 858 915 23.674000000000003
287 11 23 828 849 11.212000000000002
288 12 28 948 978 12.364
289 16 1 982 1005 8.253
290 4 1 1038 1095 33.936
291 12 1 753 780 11.549000000000001
292 13 15 1068 1110 15.537
293 16 1 862 885 8.253
294 3 15 888 915 12.399999999999997
295 25 1 992 1005 4.788999999999999
296 11 15 588 642 20.205
297 7 16 663 682 7.592999999999999
298 21 1 971 1005 13.447000000000003
299 3 15 618 660 20.916000000000007
300 28 1 978 1005 9.688000000000002
301 5 1 693 735 17.266000000000002
302 9 1 498 525 10.838000000000003
303 13 15 1038 1080 15.537
304 27 1 693 735 15.699
305 3 15 858 900 20.916000000000007
306 20 1 705 735 12.742999999999999
307 28 1 738 765 9.688000000000002
308 13 18 978 1005 13.54
309 2 15 513 540 10.23
310 27 1 573 615 15.699
311 6 17 543 563 10.104
312 12 26 828 842 4.6450000000000005
313 16 1 787 810 14.136999999999997
314 16 1 727 750 14.136999999999997
315 13 15 798 840 15.537
316 16 1 802 825 8.253
317 6 29 918 945 15.025999999999998
318 26 1 962 975 6.474
319 11 23 648 669 11.212000000000002
320 13 18 738 765 13.54
321 11 15 768 822 20.205
322 4 1 918 975 33.936
323 17 15 563 585 9.804999999999998
324 5 1 573 615 17.266000000000002
325 6 29 1038 1065 15.025999999999998
326 13 18 798 825 13.54
327 4 24 1083 1095 10.362
328 13 15 468 510 15.537
329 28 1 558 585 9.688000000000002
330 3 15 558 600 20.916000000000007
331 29 15 1125 1155 15.543000000000003
332 13 15 858 900 15.537
333 18 1 945 975 12.548000000000002
334 22 15 735 748 9.548999999999998
335 22 15 615 628 9.548999999999998
336 14 1 793 825 13.687999999999999
337 6 17 843 863 10.104
338 9 15 678 735 23.674000000000003
339 10 14 888 913 9.732999999999999
340 6 17 1143 1163 10.104
341 25 1 1112 1125 4.788999999999999
342 7 16 828 847 9.107
343 20 1 945 975 12.742999999999999
344 21 1 611 645 13.447000000000003
345 12 1 573 600 11.549000000000001
346 5 1 753 795 17.266000000000002
347 10 1 573 585 3.506
348 2 15 633 660 10.23
349 3 15 588 615 12.399999999999997
350 12 1 1113 1140 11.549000000000001
351 26 1 902 915 6.474
352 3 15 828 855 12.399999999999997
353 13 15 858 900 15.537
354 16 1 967 990 14.136999999999997
355 7 16 1023 1042 7.592999999999999
356 9 25 558 572 6.686999999999999
357 13 18 918 945 13.54
358 12 26 768 782 4.6450000000000005
359 27 1 723 765 15.699
360 11 23 588 609 11.212000000000002
361 13 20 1098 1125 12.401
362 9 15 678 735 23.674000000000003
363 29 15 765 795 15.543000000000003
364 2 15 933 960 10.23
365 5 1 1053 1095 17.266000000000002
366 6 17 783 803 10.104
367 7 16 1008 1027 9.107
368 23 1 729 750 9.052000000000001
369 13 20 858 885 12.401
370 23 1 789 810 9.052000000000001
371 27 1 903 945 15.699
372 16 1 562 585 8.253
373 18 1 765 795 12.548000000000002
374 6 29 618 645 15.025999999999998
375 18 1 525 555 12.548000000000002
376 23 1 1029 1050 9.052000000000001
377 3 15 798 840 20.916000000000007
378 23 1 549 570 9.052000000000001
379 8 15 1008 1050 17.326999999999995
380 12 26 1068 1082 4.6450000000000005
381 11 15 828 882 20.205
382 27 1 603 645 15.699
383 9 25 1098 1112 6.686999999999999
384 18 1 825 855 12.548000000000002
385 6 17 663 683 10.104
386 27 1 1053 1095 15.699
387 4 24 603 615 10.362
388 12 1 1053 1080 11.549000000000001
389 25 1 812 825 4.788999999999999
390 10 1 933 945 3.506
391 3 15 978 1020 20.916000000000007
392 2 15 813 840 10.23
393 16 1 982 1005 8.253
394 5 1 1113 1155 17.266000000000002
395 11 19 1128 1159 10.565999999999997
396 10 14 528 553 9.732999999999999
397 16 1 862 885 8.253
398 26 1 842 855 6.474
399 16 1 667 690 14.136999999999997
400 13 20 498 525 12.401
401 28 1 678 705 9.688000000000002
402 9 1 918 945 10.838000000000003
403 16 1 547 570 14.136999999999997
404 4 1 858 915 33.936
405 17 15 863 885 9.804999999999998
406 4 24 663 675 10.362
407 18 1 1065 1095 12.548000000000002
408 13 18 738 765 13.54
409 6 17 783 803 10.104
410 8 21 648 671 10.428
411 4 24 963 975 10.362
412 27 1 993 1035 15.699
413 13 20 918 945 12.401
414 27 1 1113 1155 15.699
415 13 20 678 705 12.401
416 10 1 1053 1065 3.506
417 12 26 1128 1142 4.6450000000000005
418 11 23 648 669 11.212000000000002
419 13 15 708 750 15.537
420 25 1 692 705 4.788999999999999
421 3 15 678 720 20.916000000000007
422 10 1 993 1005 3.506
423 27 1 1023 1065 15.699
424 29 15 945 975 15.543000000000003
425 3 15 918 960 20.916000000000007
426 10 1 873 885 3.506
427 14 1 613 645 13.687999999999999
428 5 1 993 1035 17.266000000000002
429 9 1 678 705 10.838000000000003
430 20 1 765 795 12.742999999999999
431 10 14 1068 1093 9.732999999999999
432 17 15 803 825 9.804999999999998
433 9 1 558 585 10.838000000000003
434 27 1 813 855 15.699
435 6 29 1098 1125 15.025999999999998
436 14 1 673 705 13.687999999999999
437 10 1 813 825 3.506
438 12 28 1068 1098 12.364
439 5 1 828 883 20.256
440 5 1 528 583 20.256
441 20 1 645 675 12.742999999999999
442 16 1 1027 1050 14.136999999999997
443 12 26 528 542 4.6450000000000005
444 22 15 555 568 9.548999999999998
445 13 15 678 720 15.537
446 29 15 705 735 15.543000000000003
447 6 17 963 983 10.104
448 9 25 978 992 6.686999999999999
449 16 1 907 930 14.136999999999997
450 11 23 948 969 11.212000000000002
451 12 28 888 918 12.364
452 11 23 708 729 11.212000000000002
453 7 16 963 982 7.592999999999999
454 26 1 722 735 6.474
455 27 1 1023 1065 15.699
456 16 1 1027 1050 14.136999999999997
457 25 1 872 885 4.788999999999999
458 29 15 1005 1035 15.543000000000003
459 27 1 1113 1155 15.699
460 2 15 513 540 10.23
461 12 26 948 962 4.6450000000000005
462 9 15 618 675 23.674000000000003
463 23 1 1029 1050 9.052000000000001
464 13 15 828 870 15.537
465 5 1 513 555 17.266000000000002
466 11 15 948 1002 20.205
467 6 29 918 945 15.025999999999998
468 9 1 978 1005 10.838000000000003
469 14 1 673 705 13.687999999999999
470 9 1 798 825 10.838000000000003
471 13 18 618 645 13.54
472 22 15 555 568 9.548999999999998
473 27 1 483 525 15.699
474 14 1 1093 1125 13.687999999999999
475 23 1 1089 1110 9.052000000000001
476 3 15 828 855 12.399999999999997
477 17 15 743 765 9.804999999999998
478 9 1 618 645 10.838000000000003
479 16 1 607 630 14.136999999999997
480 4 1 1098 1155 33.936
481 4 24 783 795 10.362
482 22 15 1155 1168 9.548999999999998
483 12 28 708 738 12.364
484 20 1 585 615 12.742999999999999
485 21 1 731 765 13.447000000000003
486 16 1 1147 1170 14.136999999999997
487 16 1 547 570 14.136999999999997
488 7 16 528 547 9.107
489 14 1 853 885 13.687999999999999
490 8 21 828 851 10.428
491 9 15 1098 1155 23.674000000000003
492 16 1 847 870 14.136999999999997
493 8 15 468 510 17.326999999999995
494 5 1 813 855 17.266000000000002
495 7 16 948 967 9.107
496 16 1 742 765 8.253
497 3 15 1008 1035 12.399999999999997
498 7 16 1068 1087 9.107
499 10 14 708 733 9.732999999999999
500 27 1 993 1035 15.699
501 3 15 798 840 20.916000000000007
502 4 1 978 1035 33.936
503 22 15 1035 1048 9.548999999999998
504 12 26 828 842 4.6450000000000005
505 12 28 648 678 12.364
506 27 1 483 525 15.699
507 28 1 738 765 9.688000000000002
508 6 29 558 585 15.025999999999998
509 14 1 553 585 13.687999999999999
510 17 15 563 585 9.804999999999998
511 3 15 1098 1140 20.916000000000007
512 22 15 795 808 9.548999999999998
513 3 15 738 780 20.916000000000007
514 9 1 858 885 10.838000000000003
515 17 15 1163 1185 9.804999999999998
516 7 16 588 607 9.107
517 26 1 1022 1035 6.474
518 20 1 525 555 12.742999999999999
519 10 14 948 973 9.732999999999999
520 22 15 1095 1108 9.548999999999998
521 12 1 633 660 11.549000000000001
522 28 1 918 945 9.688000000000002
523 6 29 978 1005 15.025999999999998
524 7 16 903 922 7.592999999999999
525 7 16 888 907 9.107
526 6 29 1098 1125 15.025999999999998
527 29 15 885 915 15.543000000000003
528 14 1 793 825 13.687999999999999
529 6 17 1023 1043 10.104
530 10 14 888 913 9.732999999999999
531 25 1 812 825 4.788999999999999
532 27 1 393 435 15.699
533 2 15 693 720 10.23
534 26 1 602 615 6.474
535 11 23 1068 1089 11.212000000000002
536 22 15 975 988 9.548999999999998
537 10 1 1113 1125 3.506
538 27 1 663 705 15.699
539 4 24 843 855 10.362
540 13 20 558 585 12.401
541 14 1 973 1005 13.687999999999999
542 16 1 922 945 8.253
543 17 15 1103 1125 9.804999999999998
544 9 1 558 585 10.838000000000003
545 13 20 678 705 12.401
546 23 1 909 930 9.052000000000001
547 29 15 645 675 15.543000000000003
548 20 1 1065 1095 12.742999999999999
549 12 26 708 722 4.6450000000000005
550 13 15 888 930 15.537
551 25 1 512 525 4.788999999999999
552 11 15 1068 1122 20.205
553 11 15 528 582 20.205
554 11 23 828 849 11.212000000000002
555 14 1 1033 1065 13.687999999999999
556 2 15 753 780 10.23
557 28 1 798 825 9.688000000000002
558 13 20 918 945 12.401
559 10 14 768 793 9.732999999999999
560 12 28 1128 1158 12.364
561 20 1 585 615 12.742999999999999
562 10 1 1113 1125 3.506
563 6 29 798 825 15.025999999999998
564 12 28 648 678 12.364
565 28 1 618 645 9.688000000000002
566 8 21 1068 1091 10.428
567 13 18 678 705 13.54
568 7 16 708 727 9.107
569 11 23 1008 1029 11.212000000000002
570 9 15 738 795 23.674000000000003
571 16 1 562 585 8.253
572 26 1 1082 1095 6.474
573 21 1 791 825 13.447000000000003
574 9 25 918 932 6.686999999999999
575 10 1 633 645 3.506
576 25 1 752 765 4.788999999999999
577 13 15 738 780 15.537
578 12 28 588 618 12.364
579 13 20 618 645 12.401
580 25 1 632 645 4.788999999999999
581 2 15 1113 1140 10.23
582 26 1 902 915 6.474
583 13 15 1128 1170 15.537
584 6 17 1083 1103 10.104
585 9 25 738 752 6.686999999999999
586 9 1 1158 1185 10.838000000000003
587 11 15 468 522 20.205
588 12 28 528 558 12.364
589 18 1 1125 1155 12.548000000000002
590 7 16 708 727 9.107
591 9 15 1038 1095 23.674000000000003
592 26 1 542 555 6.474
593 26 1 1022 1035 6.474
594 5 1 453 495 17.266000000000002
595 10 14 948 973 9.732999999999999
596 28 1 498 525 9.688000000000002
597 26 1 662 675 6.474
598 4 1 618 675 33.936
599 11 23 528 549 11.212000000000002
600 11 15 648 702 20.205
601 29 15 1005 1035 15.543000000000003
602 21 1 551 585 13.447000000000003
603 12 28 708 738 12.364
604 12 26 1008 1022 4.6450000000000005
605 12 26 768 782 4.6450000000000005
606 18 1 1125 1155 12.548000000000002
607 7 16 603 622 7.592999999999999
608 10 14 528 553 9.732999999999999
609 28 1 858 885 9.688000000000002
610 9 25 558 572 6.686999999999999
611 27 1 1083 1125 15.699
612 22 15 675 688 9.548999999999998
613 28 1 498 525 9.688000000000002
614 18 1 1005 1035 12.548000000000002
615 3 15 708 735 12.399999999999997
616 4 1 558 615 33.936
617 17 15 683 705 9.804999999999998
618 12 26 648 662 4.6450000000000005
619 21 1 1031 1065 13.447000000000003
620 9 25 618 632 6.686999999999999
621 4 24 1023 1035 10.362
622 9 15 1038 1095 23.674000000000003
623 16 1 622 645 8.253
624 6 29 978 1005 15.025999999999998
625 12 1 1113 1140 11.549000000000001
626 12 28 888 918 12.364
627 4 1 618 675 33.936
628 5 1 648 703 20.256
629 27 1 783 825 15.699
630 12 1 1053 1080 11.549000000000001
631 4 24 543 555 10.362
632 10 1 753 765 3.506
633 14 1 733 765 13.687999999999999
634 4 1 678 735 33.936
635 9 1 1098 1125 10.838000000000003
636 16 1 1042 1065 8.253
637 9 1 1038 1065 10.838000000000003
638 10 14 1008 1033 9.732999999999999
639 11 23 888 909 11.212000000000002
640 16 1 622 645 8.253
641 22 15 855 868 9.548999999999998
642 8 15 888 930 17.326999999999995
643 3 15 588 615 12.399999999999997
644 9 25 918 932 6.686999999999999
645 9 1 498 525 10.838000000000003
646 7 16 1083 1102 7.592999999999999
647 9 1 678 705 10.838000000000003
648 7 16 1008 1027 9.107
649 25 1 932 945 4.788999999999999
650 4 24 783 795 10.362
651 6 17 603 623 10.104
652 13 18 678 705 13.54
653 10 14 648 673 9.732999999999999
654 11 23 768 789 11.212000000000002
655 2 15 573 600 10.23
656 6 17 903 923 10.104
657 7 16 1128 1147 9.107
658 3 15 648 675 12.399999999999997
659 2 15 813 840 10.23
660 11 23 1068 1089 11.212000000000002
661 13 15 408 450 15.537
662 6 29 858 885 15.025999999999998
663 5 1 873 915 17.266000000000002
664 13 20 798 825 12.401
665 13 15 648 690 15.537
666 8 21 948 971 10.428
667 20 1 825 855 12.742999999999999
668 16 1 1042 1065 8.253
669 16 1 682 705 8.253
670 7 16 828 847 9.107
671 8 15 648 690 17.326999999999995
672 26 1 842 855 6.474
673 13 20 1038 1065 12.401
674 28 1 918 945 9.688000000000002
675 20 1 885 915 12.742999999999999
676 13 15 768 810 15.537
677 11 23 768 789 11.212000000000002
678 9 1 1038 1065 10.838000000000003
679 9 15 1098 1155 23.674000000000003
680 9 15 978 1035 23.674000000000003
681 13 15 588 630 15.537
682 13 15 768 810 15.537
683 9 25 678 692 6.686999999999999
684 11 23 1128 1149 11.212000000000002
685 10 1 693 705 3.506
686 10 1 1053 1065 3.506
687 16 1 607 630 14.136999999999997
688 29 15 885 915 15.543000000000003
689 17 15 623 645 9.804999999999998
690 12 1 1173 1200 11.549000000000001
691 10 14 708 733 9.732999999999999
692 9 25 798 812 6.686999999999999
693 7 16 888 907 9.107
694 26 1 962 975 6.474
695 12 26 588 602 4.6450000000000005
696 7 16 1143 1162 7.592999999999999
697 20 1 1125 1155 12.742999999999999
698 12 26 888 902 4.6450000000000005
699 13 20 858 885 12.401
700 9 1 1098 1125 10.838000000000003
701 5 1 408 463 20.256
702 7 16 768 787 9.107
703 2 15 873 900 10.23
704 25 1 872 885 4.788999999999999
705 23 1 609 630 9.052000000000001
706 4 1 1098 1155 33.936
707 6 17 663 683 10.104
708 4 1 798 855 33.936
709 29 15 825 855 15.543000000000003
710 3 15 948 975 12.399999999999997
711 21 1 911 945 13.447000000000003
712 18 1 945 975 12.548000000000002
713 18 1 825 855 12.548000000000002
714 13 15 618 660 15.537
715 6 17 1083 1103 10.104
716 18 1 705 735 12.548000000000002
717 12 26 708 722 4.6450000000000005
718 5 1 768 823 20.256
719 8 21 708 731 10.428
720 3 15 888 915 12.399999999999997
721 7 16 843 862 7.592999999999999
722 25 1 1052 1065 4.788999999999999
723 4 24 963 975 10.362
724 6 29 558 585 15.025999999999998
725 18 1 1065 1095 12.548000000000002
726 8 21 1128 1151 10.428
727 21 1 851 885 13.447000000000003
728 27 1 633 675 15.699
729 13 15 498 540 15.537
730 12 26 1128 1142 4.6450000000000005
731 20 1 825 855 12.742999999999999
732 13 18 498 525 13.54
733 27 1 603 645 15.699
734 13 20 798 825 12.401
735 10 14 828 853 9.732999999999999
736 9 1 438 465 10.838000000000003
737 7 16 1143 1162 7.592999999999999
738 4 24 723 735 10.362
739 27 1 453 495 15.699
740 27 1 933 975 15.699
741 10 14 588 613 9.732999999999999
742 20 1 1005 1035 12.742999999999999
743 13 18 558 585 13.54
744 27 1 423 465 15.699
745 14 1 733 765 13.687999999999999
746 8 15 948 990 17.326999999999995
747 23 1 849 870 9.052000000000001
748 16 1 1102 1125 8.253
749 22 15 1035 1048 9.548999999999998
750 25 1 752 765 4.788999999999999
751 27 1 963 1005 15.699
752 23 1 549 570 9.052000000000001
753 16 1 667 690 14.136999999999997
754 13 15 1038 1080 15.537
755 12 26 588 602 4.6450000000000005
756 25 1 1112 1125 4.788999999999999
757 28 1 678 705 9.688000000000002
758 3 15 1098 1140 20.916000000000007
759 27 1 843 885 15.699
760 9 15 978 1035 23.674000000000003
761 8 15 828 870 17.326999999999995
762 4 24 1023 1035 10.362
763 12 1 933 960 11.549000000000001
764 4 1 498 555 33.936
765 27 1 633 675 15.699
766 3 15 528 555 12.399999999999997
767 13 15 738 780 15.537
768 20 1 885 915 12.742999999999999
769 4 24 843 855 10.362
770 13 18 1158 1185 13.54
771 26 1 1082 1095 6.474
772 17 15 743 765 9.804999999999998
773 11 23 708 729 11.212000000000002
774 13 15 918 960 15.537
775 13 15 528 570 15.537
776 9 25 1098 1112 6.686999999999999
777 12 1 1173 1200 11.549000000000001
778 7 16 783 802 7.592999999999999
779 3 15 648 675 12.399999999999997
780 12 1 873 900 11.549000000000001
781 3 15 738 780 20.916000000000007
782 9 25 618 632 6.686999999999999
783 10 14 588 613 9.732999999999999
784 25 1 632 645 4.788999999999999
785 27 1 933 975 15.699
786 16 1 967 990 14.136999999999997
787 11 23 948 969 11.212000000000002
788 7 16 723 742 7.592999999999999
789 13 20 498 525 12.401
790 27 1 513 555 15.699
791 4 1 558 615 33.936
792 21 1 671 705 13.447000000000003
793 20 1 525 555 12.742999999999999
794 13 18 558 585 13.54
795 13 18 1038 1065 13.54
796 3 15 498 540 20.916000000000007
797 13 15 648 690 15.537
798 9 15 918 975 23.674000000000003
799 25 1 932 945 4.788999999999999
800 13 18 618 645 13.54
801 29 15 1125 1155 15.543000000000003
802 18 1 585 615 12.548000000000002
803 6 29 678 705 15.025999999999998
804 2 15 933 960 10.23
805 25 1 572 585 4.788999999999999
806 10 1 933 945 3.506
807 12 28 1008 1038 12.364
808 5 1 588 643 20.256
809 3 15 678 720 20.916000000000007
810 13 18 1158 1185 13.54
811 8 21 888 911 10.428
812 11 23 588 609 11.212000000000002
813 7 16 1128 1147 9.107
814 26 1 602 615 6.474
815 20 1 765 795 12.742999999999999
816 3 15 1068 1095 12.399999999999997
817 27 1 873 915 15.699
818 13 20 618 645 12.401
819 22 15 975 988 9.548999999999998
820 14 1 853 885 13.687999999999999
821 23 1 1149 1170 9.052000000000001
822 7 16 588 607 9.107
823 27 1 963 1005 15.699
824 7 16 903 922 7.592999999999999
825 13 20 558 585 12.401
826 18 1 885 915 12.548000000000002
827 7 16 1023 1042 7.592999999999999
828 13 20 978 1005 12.401
829 9 15 738 795 23.674000000000003
830 14 1 553 585 13.687999999999999
831 20 1 645 675 12.742999999999999
832 13 18 498 525 13.54
833 6 17 723 743 10.104
834 23 1 789 810 9.052000000000001
835 29 15 645 675 15.543000000000003
836 10 1 753 765 3.506
837 9 1 1158 1185 10.838000000000003
838 3 15 1008 1035 12.399999999999997
839 17 15 683 705 9.804999999999998
840 12 28 528 558 12.364
841 12 26 948 962 4.6450000000000005
842 4 24 903 915 10.362
843 13 15 528 570 15.537
844 16 1 802 825 8.253
845 20 1 1005 1035 12.742999999999999
846 10 1 573 585 3.506
847 9 15 858 915 23.674000000000003
848 14 1 913 945 13.687999999999999
849 12 28 1128 1158 12.364
850 16 1 742 765 8.253
851 14 1 973 1005 13.687999999999999
852 27 1 843 885 15.699
853 13 15 828 870 15.537
854 17 15 1163 1185 9.804999999999998
855 14 1 1093 1125 13.687999999999999
856 6 29 858 885 15.025999999999998
857 10 14 828 853 9.732999999999999
858 27 1 573 615 15.699
